Webots Project File version R2022b
perspectives: 000000ff00000000fd0000000300000000000001ca0000039ffc0200000001fb00000012005300630065006e0065005400720065006501000000000000039f0000000000000000000000010000018d0000031afc0200000001fb0000001400540065007800740045006400690074006f007200000000130000031a0000003f00ffffff00000003000003ac00000051fc0100000002fb0000000e0043006f006e0073006f006c006501000001d0000005b00000000000000000fb0000001a0043006f006e0073006f006c00650041006c006c0041006c006c0100000000000003ac0000000000000000000003ac000003cf00000004000000040000000100000008fc00000000
simulationViewPerspectives: 000000ff000000010000000200000000000003aa0100000002010000000101
sceneTreePerspectives: 000000ff00000001000000030000001c000000c0000000fa0100000002010000000201
minimizedPerspectives: 000000ff00000000fd0000000300000000000001ca0000039ffc0200000001fb00000012005300630065006e0065005400720065006501000000000000039f0000000000000000000000010000018d0000031afc0200000001fb0000001400540065007800740045006400690074006f007200000000130000031a0000003f00ffffff00000003000003ac000000b3fc0100000002fb0000000e0043006f006e0073006f006c006501000001d0000005b00000000000000000fb0000001a0043006f006e0073006f006c00650041006c006c0041006c006c0100000000000003ac0000006900ffffff000003ac0000031a00000004000000040000000100000008fc00000000
maximizedDockId: -1
centralWidgetVisible: 1
orthographicViewHeight: 1
textFiles: -1
renderingDevicePerspectives: david:camera;0;0.0444444;0;0
renderingDevicePerspectives: david:camera(1);0;0.0444444;0;0
renderingDevicePerspectives: david:camera(2);0;0.0444444;0;0
renderingDevicePerspectives: david:camera(3);0;0.0444444;0;0
