Webots Project File version R2022b
perspectives: 000000ff00000000fd00000002000000010000011c0000030efc0200000001fb0000001400540065007800740045006400690074006f007201000000130000030e0000003f00ffffff0000000300000770000000d9fc0100000001fb0000001a0043006f006e0073006f006c00650041006c006c0041006c006c0100000000000007700000006900ffffff000006520000030e00000001000000020000000100000008fc00000000
simulationViewPerspectives: 000000ff000000010000000200000101000005510100000002010000000100
sceneTreePerspectives: 000000ff00000001000000030000020a000000c8000000000100000002010000000200
maximizedDockId: -1
centralWidgetVisible: 1
orthographicViewHeight: 1
textFiles: -1
consoles: Console:All:All
renderingDevicePerspectives: david:fwd1;0;0.483854;0.183223;0.0886426
renderingDevicePerspectives: david:rear1;0;0.261979;0;0
